cost	target-start	target-end	target-length	left-primer-start	left-primer-num-primers	left-primer-frac-bound	left-primer-target-sequences	right-primer-start	right-primer-num-primers	right-primer-frac-bound	right-primer-target-sequences	num-guides	total-frac-bound-by-guides	guide-target-sequences	guide-target-sequence-positions
2.5126942636811997	113	201	88	113	1	1.0	GTGTTTGCGTATGGTGCAATTGAAATTTCA	171	1	1.0	CAGTGCGTCCTAGTGGCTCTGAGTGAGGGT	1	1.0	TTAGGTTGCCTAATTTGGGTAACAAGTG	{143}
2.5126942636811997	683	771	88	683	1	1.0	TGTTCTGAACAAGAATGGGAGTTTAAAGAC	741	1	1.0	TTAATGGCACCACTTTTGTTAAAGCATGGA	1	1.0	CATTTTGGTGAACTTGATGAAGTCACCA	{713}
2.5126942636811997	1064	1152	88	1064	1	1.0	GATTGGAGTTGTTATAAGTCTATGTGTTGT	1122	1	1.0	TCAACGGAGAAGTCGTCCCTGGTGATGTTC	1	1.0	GGTTTTAACTGTAAACCCCTTGCCATTG	{1094}
2.5126942636811997	1200	1288	88	1200	1	1.0	GTATGGTGCTTAAGTTTGTGGACAAAATTG	1258	1	1.0	AGTTCAGAGTTGCATGGATGTTGTTGCGTC	1	1.0	ACAATGCTTGCTTGTGGAGAATTACACA	{1230}
2.5126942636811997	1276	1364	88	1276	1	1.0	TGTTGTTGCGTCCGGCAATTACAAGGGAGA	1334	1	1.0	TGCAGTCCGACTAATATGTCTAAAACATCT	1	1.0	TGAATTCATCTATCACACTGATGATATT	{1306}
2.5126942636811997	1951	2039	88	1951	1	1.0	TGTTAAAGACGGTGTTACCAAGATTATTGG	2009	1	1.0	TGTTATCGCTTGATGAGTGATGTGGATACT	1	1.0	TGGACGTTCGTTCTTTTGTAGTGGAGGT	{1981}
2.5126942636811997	3180	3268	88	3180	1	1.0	ACATTGAAGTACCTGAGTACTTTATCTATG	3238	1	1.0	AGTTGTTATGGTTTCCCAGTATTCAATTGC	1	1.0	ATGAAGAAGGTGGAAATGATTTTACAAA	{3210}
2.5126942636811997	3343	3431	88	3343	1	1.0	ACCACAGGTTGTACAACCATTGAAACAACA	3401	1	1.0	ATTGAAGAAGTTAATGAAGCTCTTAGTTTT	1	1.0	AGAACCCGTAAAACCACAAAAGTCTCAA	{3373}
2.5126942636811997	3468	3556	88	3468	1	1.0	CTTTTAATTTTGAATTCTATGACTATAAGG	3526	1	1.0	CAATTGTTGGGTTTCGTCTACATTGGTTCA	1	1.0	GTATTAGAGTTCTTAAACAGAAGGATAA	{3498}
2.5126942636811997	3527	3615	88	3527	1	1.0	AATTGTTGGGTTTCGTCTACATTGGTTCAA	3585	1	1.0	ATGCATTTGACTTGTTCAAGGCAGGTAGTG	1	1.0	CTGCAATTATTGGATTGCTACTCTGACC	{3557}
